40.3457 -74.6558 61 0
40.34985 -74.6531 359.68 30
40.34985 -74.65255 1.895 30
40.34455 -74.65505 218.5 27.5
40.3462 -74.6539 280.79 180
40.3464 -74.6581 358.07 0
40.34625 -74.65845 22.57 0
40.3464 -74.6583666666667 219.853333333333 0
40.3464 -74.6581 7.71 0
40.3493 -74.6529 313.23 0
40.34625 -74.6584 5.245 0
40.3435 -74.659825 198.30675 127.5
40.3441 -74.6594333333333 63.5625 160
40.3438 -74.65805 139 150
40.34995 -74.6529166666667 1.715 0
40.3497 -74.6519 25.26 0
40.3468 -74.6578 1.26 180
40.3497 -74.6522 0.43 60
40.3487 -74.6527 359.5 0
40.3463 -74.6581 353.39 0
40.3466 -74.6579 13.62 0
40.3464 -74.6581 6.31 0
40.3465 -74.6582 3.855 0
40.3463333333333 -74.6582 54.0166666666667 0
40.3503 -74.6578 252.773 600
40.3463 -74.6582 328.92 60
40.3464 -74.6583 350.39 0
40.3499 -74.6528 63.2 0
40.34325 -74.65975 16.5 52.5
40.3462 -74.6581 5.27 0
40.3484 -74.65525 4.915 210
40.344 -74.6575 55 105
40.347 -74.6531 254.73 360
40.3463333333333 -74.658 13.54 0
40.3439 -74.65905 313.5 7.5
40.3463666666667 -74.6581666666667 347.623333333333 0
40.3439 -74.6573 323 90
40.3456 -74.6543 240.469 300
40.344 -74.6577 87 135
40.3463 -74.65835 0.855 0
40.3438333333333 -74.6570666666667 279.333333333333 100
40.3451 -74.6533 70 0
40.3497 -74.6517 0.08 0
40.3438 -74.6575333333333 271 60
40.3494 -74.653 355.21 180
40.34825 -74.6596 3.37 30
40.3453 -74.6532 232 0
40.343 -74.6607 98 0
40.3486 -74.6573 306.145 0
40.3437 -74.6596 170.5 82.5
40.3426 -74.66095 75 0
40.34515 -74.6538 67 0
40.3485 -74.6576 340.18 0
40.3439 -74.6574 52 60
40.3463 -74.6582 5 120
40.346325 -74.6581 66.74 135
40.3489 -74.6531 156.99 60
40.3463 -74.6581 11.615 150
40.3464 -74.658 0.63 0
40.3502 -74.6524 359.54 60
40.3464 -74.6584 356.85 0
40.3463333333333 -74.6581333333333 127.546666666667 120
40.3427 -74.6608 264 30
40.3463 -74.6582 0.8125 0
40.3435 -74.6597 135 60
40.3461 -74.6585 0.57 0
40.3464 -74.658 1.87666666666667 0
40.3461 -74.6581 2.55 0
40.3462 -74.6579 359.81 0
40.34605 -74.6609 158.203 150
40.3463 -74.6579 9.4 0
40.3477 -74.6551 336 300
40.34645 -74.658 7.54 0
40.343 -74.6607 214 0
40.3462666666667 -74.6581666666667 38.2466666666667 80
40.3463 -74.658 355.3 0
40.3499 -74.653 328.17 0
40.3449 -74.6568 15 15
40.3463 -74.6582 2.7 0
40.3487 -74.6528 359.84 0
40.3486 -74.6556 28.52 210
40.34655 -74.6614 135.3515 330
40.3428 -74.660825 240 6.25
40.3463 -74.6580666666667 83.15 0
40.3464 -74.65835 13.67 0
40.3493 -74.6529 23.9 120
40.35015 -74.6529 355.07 0
40.34875 -74.6527166666667 2.365 0
40.3451 -74.654 238 0
40.3449 -74.6552 57 45
40.3429 -74.6605 87 0
40.3501333333333 -74.6521666666667 358.966666666667 20
40.3464 -74.6582 9.405 0
40.3499 -74.65295 359.125 0
40.34565 -74.656 319.52 0
40.3464 -74.6581 12.23 0
40.3447666666667 -74.6555 70.3333333333333 28.3333333333333
40.34895 -74.653 2.475 30
40.3436 -74.6598 38.6719 540
40.3445 -74.6562 50 0
40.346275 -74.6581 359.215 15
40.3464 -74.658 3.7 0
40.3439 -74.6593 104 0
40.3501 -74.6523 340.65 0
40.34485 -74.65455 189.5 15
40.3449 -74.6587 235 0
40.34645 -74.6581 31.03 0
40.3464 -74.6579 6.21 0
40.3467 -74.6602 359.76 60
40.3501 -74.6587 252.422 600
40.3428 -74.6608 109 0
40.3431333333333 -74.6600666666667 58 70
40.3464333333333 -74.6581333333333 18.72 0
40.3463 -74.6581 3.6 0
40.34965 -74.653 358.985 0
40.3496 -74.6533666666667 240.1 60
40.3492 -74.6544 1.64 60
40.3463 -74.6581 0.48 0
40.3464 -74.658 359.555 0
40.3466 -74.6583 3.29 0
40.3426 -74.6611 211 0
40.3463 -74.65825 39.31 210
40.3442 -74.657 48.5 37.5
40.3494 -74.65425 351.77 90
40.3464 -74.65815 353.97 30
40.3462 -74.6581 263.19 0
40.3462 -74.6558 274 0
40.3463 -74.6581 2.99 60
40.3482 -74.65475 289.015 0
40.34565 -74.65475 308.693 180
40.3464 -74.65805 28.57 0
40.35 -74.6528666666667 359.1 0
40.3468 -74.6597 315.7035 600
40.3499 -74.653 41.51 0
40.34985 -74.652 357.705 60
40.34425 -74.6594 233 0
40.3463666666667 -74.6581666666667 45.4333333333333 0
40.3464 -74.6583 5.86 0
40.344 -74.6579 32 180
40.3501 -74.6523 13.88 0
40.3496 -74.6526 262 360
40.34285 -74.66075 259.5 0
40.3438 -74.6591 120 0
40.3465 -74.6583 10.44 0
40.34515 -74.6562 72 0
40.3488 -74.6527333333333 358.913333333333 0
40.3467 -74.6581 34.18 0
40.344 -74.6596 243.984 420
40.3453 -74.6544 57.6562 120
40.3451 -74.6537 204 0
40.34635 -74.658 5.785 0
40.35 -74.652 339.745 0
40.3438 -74.65875 299 15
40.3426 -74.6609 31 30
40.3427 -74.6609333333333 7.33333333333333 6.66666666666667
40.3427 -74.6611 276 0
40.3466 -74.658 2.54 0
40.34705 -74.6608 281.0975 300
40.3462 -74.6579 7.52 0
40.34295 -74.66035 73.21095 52.5
40.3500333333333 -74.6526333333333 22.3566666666667 20
40.3438 -74.6586 357 210
40.3465 -74.6579 2.14 0
40.3439 -74.6591 306 0
40.3464 -74.6581 359.79 0
40.3505 -74.6516 353.39 0
40.3487 -74.6527 359.32 0
40.3444 -74.6552 282 5
40.3464 -74.6582 35.03 0
40.3464 -74.6582 1.46833333333333 0
40.3426 -74.661 48.5 15
40.34455 -74.65635 144 5
40.344 -74.6570333333333 243 123.333333333333
40.3436 -74.6599 213.047 180
40.34755 -74.6544 118 0
40.3464 -74.6582 57.435 0
40.34375 -74.6597 341.5 27.5
40.3463 -74.6582 5.95 0
40.3499 -74.6531 349.49 0
40.3438 -74.6587 329 15
40.3464 -74.6583 352.47 0
40.3447 -74.6588 131 0
40.34865 -74.65365 0.46 120
40.3466 -74.6583 0.57 0
40.3464 -74.6581 37.44 0
40.34635 -74.6582 11.445 0
40.3464 -74.6583 359.66 0
40.3463 -74.6579 229.11 0
40.3445 -74.6547 176 75
40.3477 -74.6529 13.06 0
40.3463 -74.65815 357.585 0
40.3475 -74.6622 151.523 300
40.3423 -74.661 20 10
40.34405 -74.6576 263.5 67.5
40.3454 -74.6529 265 0
40.3463333333333 -74.6582 287.706666666667 0
40.3447 -74.6559 229.703 300
40.3432333333333 -74.6600666666667 188.333333333333 30
40.3463 -74.658 0.09 0
40.3445 -74.6563 220 0
40.3442 -74.6568 59 30
40.34495 -74.65475 76 15
40.35005 -74.65185 286.125 0
40.34405 -74.6597 152.328 165
40.35005 -74.65215 64.83 60
40.3455 -74.656 347 0
40.3461 -74.6604 335 0
40.34285 -74.66035 83.5 60
40.3463 -74.6581 6.38 0
40.3463 -74.6581 160.95 0
40.3483 -74.65745 31.90955 300
40.34995 -74.65275 350.705 0
40.3463 -74.6558 266.484 120
40.3464 -74.65795 348.985 0
40.347 -74.6609 10 30
40.3463 -74.6582 23.26 20
40.3463 -74.6582 5.435 0
40.3428 -74.6608 94 0
40.3464 -74.6579 60.58 0
40.3426 -74.6615 305 0
40.3464 -74.6582 37.225 0
40.3463 -74.6582 7.22 0
40.3463 -74.6581 8.91 100
40.3464 -74.6583 12.02 0
40.3464 -74.6583 2.915 30
40.3463 -74.65835 310.355 0
40.34465 -74.6558 121 45
40.3443666666667 -74.6553333333333 252.333333333333 30
40.3463 -74.6587 345.586 600
40.34895 -74.6581 2.805 0
40.3443 -74.6567 87 0
40.3452 -74.6543 241 0
40.3482 -74.6597 21.93 0
40.3457 -74.658 320.273 600
40.3499 -74.6522 359.86 0
40.34375 -74.65805 307.5 90
40.3464 -74.6581 2.08 0
40.3459 -74.6603 116.5 0
40.3498 -74.6526 357.3 0
40.3485 -74.6605 358.08 0
40.3494 -74.6528 338.17 0
40.34975 -74.65335 0.74 60
40.3503 -74.6522 332.27 0
40.34645 -74.65825 21.6 0
40.3438 -74.6587 237 0
40.3447 -74.65565 87.5 82.5
40.3488 -74.65485 359.755 60
40.3497 -74.6533 359.82 0
40.3463666666667 -74.6581333333333 32.9466666666667 0
40.3463 -74.6557 114 0
40.346 -74.6581 221.12 0
40.3454 -74.65295 122.5 0
40.3444 -74.657 55.8984 300
40.3464 -74.6582 28.24 0
40.34385 -74.6585 253.5 15
40.3464 -74.6583 106.77 0
40.3452 -74.6531 80 0
40.3495 -74.653 313.96 0
40.3463 -74.6581 5.09666666666667 0
40.3464 -74.6578 20.39 0
40.3488 -74.6526 348.44 0
40.3484333333333 -74.6554666666667 80.5566666666667 40
40.3428 -74.6606 42 15
40.3431 -74.6602 114 40
40.3444333333333 -74.6565666666667 106.666666666667 5
40.34405 -74.6579 113 60
40.3497 -74.6531 72 180
40.3478 -74.6575 208.16 60
40.3438 -74.656 320 150
40.3495333333333 -74.6529666666667 2.16666666666667 20
40.3485 -74.6526 82.46 0
40.3463 -74.6522 167 0
40.34485 -74.65455 83 7.5
40.3464 -74.6583 1.47 0
40.3425666666667 -74.6609666666667 180.666666666667 15
40.3463 -74.6582 9.27 0
40.3501 -74.6519666666667 1.74333333333333 40
40.3504 -74.6508 33.53 0
40.34985 -74.65265 294.02 0
40.3464 -74.6579 4.29 0
40.3488 -74.6527 283.73 0
40.34835 -74.655 242.125 30
40.3465 -74.6582 356.41 0
40.3463 -74.658 7.545 0
40.34345 -74.6598 229 77.5
40.35 -74.65205 354.405 0
40.3464 -74.6579333333333 24.7966666666667 40
40.3499333333333 -74.6529333333333 7.03333333333333 0
40.3445 -74.6567 50 0
40.3491 -74.6544 229.17 120
40.3439 -74.6595 310 90
40.3438 -74.6588 243.984 480
40.3441 -74.6555 203 15
40.3437 -74.6588 69 225
40.3466 -74.6579 6.81 0
40.3464 -74.6582 356.59 0
40.3464 -74.6582 6.56 0
40.3447 -74.659 169 0
40.35 -74.652 356.22 0
40.3464 -74.6583 50.07 0
40.3445 -74.6585 150 30
40.344 -74.6576 90 90
40.3504 -74.6532 356 0
40.3427 -74.6609 90 60
40.3463 -74.6581 355.245 0
40.3499 -74.6533 331.44 0
40.34635 -74.6583 341.855 0
40.346325 -74.65835 9.415 0
40.3436 -74.6579 121 45
40.346 -74.6559 350 0
40.3444333333333 -74.6568333333333 345 35
40.3424 -74.6610666666667 27.3333333333333 40
40.3463 -74.6580333333333 208.41 40
40.3451 -74.6533 116 15
40.344 -74.6594 103 15
40.3474 -74.6592 258.43 120
40.34655 -74.658 0.375 0
40.3428 -74.6606 357 45
40.3465 -74.6574 214.32 60
40.3439 -74.6564 232 135
40.3425 -74.6616 301 0
40.3429666666667 -74.6604 225.351666666667 100
40.34395 -74.65775 101 112.5
40.3464 -74.6582 359.74 0
40.3462333333333 -74.6581333333333 21.9766666666667 20
40.347 -74.6565 252.24 60
40.3463 -74.6581 10.32 0
40.3423 -74.661 158 60
40.3446333333333 -74.656 74.3333333333333 16.6666666666667
40.3465 -74.6581 1.975 0
40.3462 -74.65805 14.66 0
40.344 -74.6574 62 75
40.34405 -74.65745 220.3085 335
40.344 -74.6579 200 165
40.3436666666667 -74.6596666666667 7 35
40.3502 -74.65245 1.15 30
40.34385 -74.65865 269 105
40.3463 -74.6579 26.55 0
40.34955 -74.65295 181.215 210
40.34415 -74.6569 201 160
40.3482666666667 -74.6553 354.67 80
40.3464 -74.6581 4.585 0
40.34955 -74.6531 358.355 0
40.3482 -74.6607 327.62 0
40.3495 -74.652 357.75 0
40.3451 -74.65635 21 7.5
40.345 -74.6544 138 15
40.34395 -74.6585 89.0117 307.5
40.3463 -74.658 2.075 0
40.3465 -74.6582 12.89 0
40.34635 -74.6581 26.71 30
40.35 -74.6529 356.47 0
40.3461 -74.6578 14.15 0
40.3445 -74.6563 68 15
40.3464 -74.6583 0.726666666666667 0
40.3507 -74.6513 5.51 120
40.3464 -74.65795 15.96 30
40.3464 -74.6581 356.47 30
40.343 -74.66035 23.5 45
40.3462 -74.6582 1.07666666666667 0
40.348 -74.6573 346.24 0
40.3497 -74.65286 93.224 48
40.3501 -74.65195 359.47 0
40.343 -74.6604 272 15
40.3453 -74.6535 81 0
40.3463 -74.6581 14.1 0
40.3439 -74.6589 321 0
40.3452 -74.65475 224.121 600
40.3437 -74.6587 12 0
40.3438 -74.6583 292 15
40.3465 -74.6579 358.01 0
40.3485 -74.65355 355.005 60
40.34525 -74.6604 145.723 330
40.3462 -74.65805 1.32 0
40.3442 -74.6595 33.5 15
40.3464 -74.6581 1 0
40.3451 -74.6536 230 0
40.3499 -74.6523 351.66 0
40.3462 -74.6579 22.62 0
40.3455 -74.6573 188.438 0
40.3501333333333 -74.6528 358.97 0
40.34645 -74.6582 334.2 0
40.3499 -74.6595 255.234 600
40.3463 -74.6583 18.76 0
40.3463 -74.6579 4.88 0
40.3497 -74.6535 359.83 0
40.34285 -74.6609 138.5 0
40.344 -74.6578 340 150
40.3466 -74.6581 169.09 0
40.3465 -74.658 21.35 0
40.345 -74.6547 351 0
40.3464 -74.6581 3.325 30
40.34625 -74.65795 47.325 0
40.3436 -74.6596 116.5 90
40.344 -74.6574 40.3333333333333 70
40.34395 -74.6584 309.254 270
40.3467 -74.6537 14.26 300
40.3462 -74.6557 217 0
40.34455 -74.6566 255.3865 300
40.3464 -74.6582 25.33 0
