"lat" "lng" "bearing" "speed" "user_id" "time" "wday" "time_to_wifi"
"1" 40.3463 -74.6587 345.586 2.25 1 84664.736000061 1 600
"2" 40.3496 -74.6526 262 0.93825 2 49882.1159999371 2 360
"3" 40.3446 -74.6566 252.773 1.25 1 57354.9319999218 2 600
"4" 40.3463 -74.6581 353.39 0.375 3 82690.3299999237 1 0
"5" 40.3462 -74.6582 0.29 0.4375 3 83048.3359999657 1 0
"6" 40.3463 -74.6582 54.18 1.4375 3 911.94000005722 2 0
"7" 40.3441 -74.6585 84.0234 1.25 1 81234.6949999332 1 420
"8" 40.3447 -74.6559 226.406 0.5 1 57295.0720000267 2 600
"9" 40.3464 -74.6582 11.49 1.125 3 81184.25 1 0
"10" 40.3464 -74.6583 3.23 0.875 3 81245.0550000668 1 0
"11" 40.3463 -74.658 2.68 0.8125 3 81606.4230000973 1 0
"12" 40.3466 -74.6583 3.29 0.6875 3 83406.3459999561 1 0
"13" 40.3475 -74.6622 151.523 1 1 58897.1150000095 3 300
"14" 40.3458 -74.6607 165.586 1 1 59077.3250000477 3 120
"15" 40.3456 -74.6543 240.469 0.25 1 84236.9200000763 1 300
"16" 40.3463 -74.6581 4.67 0.875 3 82511.1489999294 1 0
"17" 40.3464 -74.6582 9.94 0.8125 3 84906.7730000019 1 0
"18" 40.3492 -74.6529 180 1.1259 2 49939.9709999561 2 300
"19" 40.3464 -74.6582 335.49 1.5625 3 83886.4869999886 1 0
"20" 40.3463 -74.6582 5.51 0.0625 3 551.926000118256 2 0
"21" 40.3463 -74.6582 5.95 1.3125 3 1085.18799996376 2 0
"22" 40.3436 -74.6598 38.6719 1 1 81112.9479999542 1 540
"23" 40.345 -74.655 224.648 1 1 57235.0729999542 2 600
"24" 40.348 -74.6574 42.5391 1.60078 1 56498.9249999523 3 600
"25" 40.3468 -74.6616 137.812 1 1 58959.0390000343 3 240
"26" 40.3467 -74.6593 323.438 1.5 1 84713.6619999409 1 600
"27" 40.344 -74.6596 243.984 0.5 1 57595.0840001106 2 420
"28" 40.3463 -74.6582 126.76 1.875 3 83291.1340000629 1 0
"29" 40.3464 -74.6583 352.47 1.5 3 84726.2550001144 1 0
"30" 40.3464 -74.6581 46.47 1.5625 3 84969.6210000515 1 0
"31" 40.3501 -74.6587 252.422 1.5 1 57817.0160000324 3 600
"32" 40.347 -74.6611 280.195 1.25 1 84847.4749999046 1 600
"33" 40.3454 -74.6545 223.594 0.75 1 57175.0969998837 2 600
"34" 40.3435 -74.6599 197.227 1 1 57654.2330000401 2 360
"35" 40.3463 -74.6584 341.63 1.875 3 83764.5499999523 1 0
"36" 40.3427 -74.6609 90 1 1 80995.9249999523 1 60
"37" 40.3436 -74.6599 213.047 1 1 85552.6710000038 1 180
"38" 40.3442 -74.6575 217.617 0.75 1 57414.9979999065 2 600
"39" 40.3462 -74.6584 22.09 1.0625 3 79509.7279999256 1 0
"40" 40.3464 -74.6584 356.85 1.5625 3 83646.7339999676 1 0
"41" 40.3464 -74.6581 7.58 1 3 84065.0659999847 1 0
"42" 40.3463 -74.6582 58.07 0.6875 3 971.358999967575 2 0
"43" 40.3463 -74.6582 0.58 0.8125 3 1025.35899996758 2 0
"44" 40.3503 -74.6578 252.773 0.75 1 57758.131000042 3 600
"45" 40.3454 -74.6549 305.156 0.75 1 84293.8110001087 1 240
"46" 40.3464 -74.6581 44.19 0.125 3 84609.7690000534 1 0
"47" 40.3457 -74.658 320.273 0.75 1 84593.635999918 1 600
"48" 40.3463 -74.6612 132.891 0.75 1 85313.4500000477 1 420
"49" 40.3442 -74.6599 147.656 1 1 85493.0950000286 1 240
"50" 40.344 -74.6584 305.508 0.75 1 57475.0009999275 2 540
"51" 40.3463 -74.6581 67.51 2 3 729.802000045776 2 0
"52" 40.344 -74.6594 64.6875 0.75 1 81171.9219999313 1 480
"53" 40.3463 -74.6558 266.484 2 1 84413.9639999866 1 120
"54" 40.3455 -74.6573 188.438 1 1 84532.9509999752 1 0
"55" 40.3464 -74.6582 18.84 1.375 3 83824.9779999256 1 0
"56" 40.3464 -74.6582 1.28 0.9375 3 84429.3469998837 1 0
"57" 40.3463 -74.6611 150.82 1 1 59017.2620000839 3 180
"58" 40.3429 -74.6605 72.4219 1 1 81052.6889998913 1 0
"59" 40.3463 -74.6581 0.11 0.375 3 82811.114000082 1 0
"60" 40.3444 -74.657 55.8984 1.25 1 81359.4930000305 1 300
"61" 40.3469 -74.6601 307.969 0.5 1 84772.8029999733 1 600
"62" 40.3463 -74.6582 8.75 2.4375 3 80105.2829999924 1 0
"63" 40.3464 -74.6584 9.3 0.75 3 83466.4019999504 1 0
"64" 40.3464 -74.6583 0.67 0.6875 3 83704.0209999084 1 0
"65" 40.3463 -74.6582 357.49 0.5625 3 1144.92199993134 2 0
"66" 40.3453 -74.6544 57.6562 0.75 1 81532.6300001144 1 120
"67" 40.3449 -74.6602 152.227 1.5 1 85432.6659998894 1 300
"68" 40.3496 -74.6531 89 0.31275 2 43816.135999918 2 180
"69" 40.343 -74.6603 226.055 0.25 1 57716.0920000076 2 300
"70" 40.3462 -74.6582 38.66 0.5 3 849.740000009537 2 0
"71" 40.3499 -74.6595 255.234 0.75 1 57877.9849998951 3 600
"72" 40.3456 -74.6606 139.219 1 1 85374.6240000725 1 360
"73" 40.3463 -74.6522 167 1.1259 2 50239.6740000248 2 0
"74" 40.3438 -74.6588 243.984 0.5 1 57535.1150000095 2 480
"75" 40.3464 -74.6581 356.93 1.75 3 81726.8440001011 1 0
"76" 40.3463 -74.658 355.29 0.4375 3 84248.0610001087 1 0
"77" 40.3464 -74.6582 356.67 1.125 3 125.19000005722 2 0
"78" 40.3464 -74.6579 25.15 1.125 3 247.729000091553 2 0
"79" 40.3464 -74.6581 11.28 0.3125 3 85750.0840001106 1 0
"80" 40.3464 -74.6581 288.45 1.25 3 370.519999980927 2 0
"81" 40.3464 -74.6582 347.14 1.0625 3 85870.4979999065 1 0
"82" 40.3463 -74.658 7.87 1.25 3 85990.986000061 1 0
"83" 40.3463 -74.6582 24.13 1.375 3 85150.3180000782 1 0
"84" 40.3463 -74.6581 69.74 1 3 85210.1380000114 1 0
"85" 40.3464 -74.6582 347.92 0.8125 3 86108.8849999905 1 0
"86" 40.3466 -74.6581 169.09 0.3125 3 8.42499995231628 2 0
"87" 40.3463 -74.658 7.22 0.6875 3 85328.8010001183 1 0
"88" 40.3464 -74.6581 54.32 0.625 3 70.9869999885559 2 0
"89" 40.3463 -74.6582 22.07 0.5 3 85448.0799999237 1 0
"90" 40.3461 -74.6604 335 0.81315 2 5369.00999999046 0 0
"91" 40.3494 -74.653 355.21 1.8125 3 46657.2460000515 3 180
"92" 40.3486 -74.6537 0.23 0.375 3 63145.4289999008 3 180
"93" 40.3464 -74.658 5.77 0.1875 3 3688.77600002289 4 0
"94" 40.3464 -74.6582 6.8 0.5625 3 13768.7309999466 4 0
"95" 40.3463 -74.6581 64.58 0.8125 3 84506.9960000515 4 540
"96" 40.3464 -74.6581 3.53 1.5 3 9986.87700009346 5 60
"97" 40.3463 -74.6583 305.95 1.6875 3 11133.3650000095 5 0
"98" 40.3462 -74.6582 1.63 1.5 3 13407.1740000248 5 0
"99" 40.3464 -74.6581 1 2.25 3 16707.1719999313 5 0
"100" 40.3464 -74.6582 359.53 0.5 3 19113.1909999847 5 0
"101" 40.3464 -74.6581 12.35 0.75 3 27268.8029999733 5 0
"102" 40.3502 -74.6524 359.54 0.625 3 55526.7699999809 3 60
"103" 40.3485 -74.6605 358.08 0.6875 3 57211.8199999332 3 0
"104" 40.348 -74.66 0.8 0.6875 3 62666.5969998837 3 60
"105" 40.3498 -74.6529 5.57 1 3 71011.2049999237 3 0
"106" 40.3462 -74.6581 263.19 1.25 3 698.207000017166 4 0
"107" 40.3464 -74.6583 22.31 1.75 3 5968.81900000572 4 0
"108" 40.3464 -74.6583 218.24 2.0625 3 9451.61199998856 4 0
"109" 40.3496 -74.6531 357.05 1.4375 3 57573.9879999161 4 0
"110" 40.3501 -74.6528 358.16 1.125 3 62428.9370000362 4 0
"111" 40.3464 -74.6581 6.31 0.875 3 2787.15799999237 5 0
"112" 40.3464 -74.6583 6.64 1.0625 3 27688.7060000896 5 0
"113" 40.3476 -74.6543 114 0.43785 2 61111.4119999409 4 0
"114" 40.3493 -74.6543 357.26 1.125 3 41385.8489999771 3 60
"115" 40.35 -74.6519 2.58 0.5625 3 52184.7230000496 3 0
"116" 40.3501 -74.6521 358.71 0.4375 3 52490.7999999523 3 0
"117" 40.344 -74.6579 32 0.5004 4 75201.9079999924 5 180
"118" 40.344 -74.6575 41 1.18845 4 75294.1619999409 5 90
"119" 40.3449 -74.6552 57 1.31355 4 75520.7520000935 5 45
"120" 40.345 -74.6544 187 1.1259 4 75787.5230000019 5 30
"121" 40.3439 -74.657 279 1.43865 4 76041.9019999504 5 90
"122" 40.3428 -74.6606 357 0.06255 4 76342.2269999981 5 45
"123" 40.3442 -74.6594 56 0.93825 4 76734.2990000248 5 0
"124" 40.3436 -74.6579 121 3.0024 4 76935.9549999237 5 45
"125" 40.3429 -74.6605 87 0.7506 4 77528.8929998875 5 0
"126" 40.3436 -74.6597 7 0.3753 4 77618.0899999142 5 30
"127" 40.3439 -74.6584 271 0.3753 4 77757.5299999714 5 180
"128" 40.345 -74.6565 26 1.43865 4 77994.2899999619 5 0
"129" 40.3453 -74.6561 71 1.06335 4 78036.882999897 5 0
"130" 40.3447 -74.6559 233 1.1259 2 81394.2000000477 5 0
"131" 40.3439 -74.6589 321 1.18845 2 83593.5820000172 5 0
"132" 40.3492 -74.6544 1.64 0.625 3 41316.128000021 3 60
"133" 40.3499 -74.6531 359.68 0.3125 3 71608.3120000362 3 0
"134" 40.3463 -74.6581 6.38 0.625 3 86018.3259999752 3 0
"135" 40.3463 -74.6582 329.06 0.9375 3 457.516000032425 4 0
"136" 40.3463 -74.6581 160.95 0.3125 3 17731.9019999504 4 0
"137" 40.3463 -74.6583 287.62 0.375 3 27269.8210000992 4 0
"138" 40.3497 -74.6517 0.08 0.625 3 48631.9300000668 4 0
"139" 40.3499 -74.6528 63.2 0.375 3 61291.7339999676 4 0
"140" 40.3464 -74.6581 38.46 1.25 3 7170.11899995804 5 0
"141" 40.3464 -74.6581 65.13 2.1875 3 25467.0720000267 5 0
"142" 40.3486 -74.6575 21.28 1.875 3 28046.8800001144 5 0
"143" 40.3494 -74.6528 338.17 1.0625 3 42804.9460000992 5 0
"144" 40.3497 -74.6519 25.26 1.3125 3 45453.2139999866 5 0
"145" 40.3496 -74.653 359.22 0.625 3 70468.743999958 3 0
"146" 40.3462 -74.6579 7.52 1.1875 3 3270.35400009155 5 0
"147" 40.3464 -74.658 0.27 0.4375 3 7830.39599990845 5 0
"148" 40.3463 -74.6581 0.33 0.25 3 18568.5959999561 5 0
"149" 40.3465 -74.6582 356.41 0.625 3 19352.0950000286 5 0
"150" 40.3498 -74.653 244.92 0.375 3 76891.7679998875 3 0
"151" 40.3463 -74.6581 38.65 0.4375 3 1410.20799994469 5 0
"152" 40.3463 -74.6582 37.43 2.4375 3 9387.09400010109 5 240
"153" 40.3464 -74.6581 33.71 0.4375 3 12871.5339999199 5 0
"154" 40.3463 -74.6581 22.23 1.1875 3 14371.9360001087 5 60
"155" 40.3464 -74.6581 4.39 0.75 3 18627.1809999943 5 0
"156" 40.3464 -74.6582 37.2 1.1875 3 19412.0460000038 5 0
"157" 40.3463 -74.6584 9.52 3.125 3 24390.5799999237 5 0
"158" 40.3464 -74.658 28.54 3.375 3 24807.2780001163 5 0
"159" 40.3488 -74.6526 348.44 0.9375 3 42211.0539999008 5 0
"160" 40.3495 -74.6531 359.66 0.625 3 70585.2460000515 3 0
"161" 40.3495 -74.6534 238.48 1.25 3 76946.3840000629 3 180
"162" 40.3465 -74.6582 56.8 0.6875 3 9511.18099999428 4 0
"163" 40.3463 -74.658 5.8 1.6875 3 3326.88899993896 5 0
"164" 40.3464 -74.658 3.32 0.6875 3 8966.9470000267 5 0
"165" 40.3462 -74.658 1.62 0.875 3 14007.1040000916 5 0
"166" 40.3463 -74.6581 3.42 2.25 3 14427.2090001106 5 0
"167" 40.3464 -74.6582 1.69 0.125 3 26967.6540000439 5 0
"168" 40.3488 -74.6527 283.73 1.0625 3 39987.3389999866 5 0
"169" 40.3488 -74.6527 1.66 1.0625 3 42265.1270000935 5 0
"170" 40.3491 -74.6544 229.17 1.25 3 77003.5130000114 3 120
"171" 40.3465 -74.6581 18.96 0.6875 3 9572.51999998093 4 0
"172" 40.347 -74.6565 252.24 2.5625 3 81086.5439999104 4 60
"173" 40.3463 -74.6581 357.68 0.5625 3 1108.29600000381 5 0
"174" 40.3463 -74.6582 328.78 1.1875 3 9513.93099999428 5 120
"175" 40.3463 -74.6582 1.41 0.4375 3 12627.25 5 0
"176" 40.3463 -74.658 12.86 0.6875 3 14069.9489998817 5 0
"177" 40.3464 -74.6582 1.07 0.5 3 19530.7109999657 5 0
"178" 40.3465 -74.6583 216.97 0.375 3 24931.2829999924 5 0
"179" 40.3487 -74.6527 359.45 0.5 3 42329.378000021 5 0
"180" 40.3487 -74.6551 239.63 1 3 77062.7890000343 3 60
"181" 40.3499 -74.653 328.17 0.9375 3 61470.5690000057 4 0
"182" 40.3463 -74.6581 13.37 0.8125 3 1529.51699995995 5 0
"183" 40.3464 -74.658 3.38 0.875 3 3927.23900008202 5 0
"184" 40.3463 -74.6582 2.7 0.5625 3 12690.3559999466 5 0
"185" 40.3464 -74.6582 2.62 0.6875 3 19589.4479999542 5 0
"186" 40.35 -74.6528 359.01 0.6875 3 29551.128000021 5 0
"187" 40.3487 -74.6528 4.53 0.25 3 42386.9309999943 5 0
"188" 40.3488 -74.6584 3.58 0.4375 3 62848.6700000763 3 0
"189" 40.3484 -74.6557 348.5 1.5625 3 77127.3250000477 3 0
"190" 40.3465 -74.6582 20.89 2.5 3 2426.78200006485 4 0
"191" 40.3499 -74.6531 349.49 0.9375 3 61529.2239999771 4 0
"192" 40.3463 -74.658 0.09 0.5 3 1168.73699998856 5 0
"193" 40.3462 -74.6579 359.81 0.75 3 3386.42499995232 5 0
"194" 40.3464 -74.6582 342.08 2 3 13108.3450000286 5 0
"195" 40.3463 -74.6582 7.22 1.0625 3 16406.9249999523 5 0
"196" 40.3463 -74.6583 39.02 1.1875 3 17490.4089999199 5 0
"197" 40.3464 -74.6582 0.28 0.625 3 19647.2839999199 5 0
"198" 40.3463 -74.658 207.88 0.8125 3 24632.3710000515 5 0
"199" 40.3463 -74.6583 18.76 1.4375 3 26190.9879999161 5 0
"200" 40.3486 -74.6528 1.13 0.25 3 42447.3389999866 5 0
"201" 40.3491 -74.6578 2.03 1.1875 3 62906.0490000248 3 0
"202" 40.3464 -74.6583 350.64 0.3125 3 26671.7860000134 4 0
"203" 40.3499 -74.6529 1.41 0.8125 3 61586.0480000973 4 0
"204" 40.3464 -74.658 4.4 1.3125 3 988.740000009537 5 0
"205" 40.3464 -74.6579 349.78 1.0625 3 5610.36800003052 5 0
"206" 40.3464 -74.6582 353.93 0.75 3 9692.34999990463 5 60
"207" 40.3463 -74.6581 11.95 0.5 3 14251.4909999371 5 0
"208" 40.3464 -74.6581 2.08 1.3125 3 19707.4820001125 5 0
"209" 40.3483 -74.6553 87.85 1.25 3 44675.5799999237 3 0
"210" 40.3486 -74.6538 356.22 1.25 3 44856.1970000267 3 0
"211" 40.3482 -74.6597 21.93 1.5 3 62726.6610000134 3 0
"212" 40.3484 -74.6561 26.04 0.75 3 62969.0280001163 3 360
"213" 40.348 -74.6573 346.24 0.625 3 77249.0729999542 3 0
"214" 40.3464 -74.658 359.65 1.0625 3 5369.09500002861 4 0
"215" 40.3462 -74.658 15.18 0.8125 3 6331.96799993515 4 0
"216" 40.3464 -74.6581 3.12 1.4375 3 6866.88400006294 4 0
"217" 40.3463 -74.6581 355.7 1.5625 3 8866.17100000381 4 0
"218" 40.3464 -74.6582 28.24 1.8125 3 15327.6440000534 4 0
"219" 40.3463 -74.6581 347.81 1 3 15509.9990000725 4 0
"220" 40.3464 -74.6581 359.79 0.1875 3 21507.7039999962 4 0
"221" 40.3499 -74.6529 358.98 0.875 3 61647.1540000439 4 0
"222" 40.3501 -74.6529 9.1 1.25 3 69026.2520000935 4 0
"223" 40.3463 -74.6579 229.11 0.125 3 85658.7620000839 4 0
"224" 40.3464 -74.658 24.04 0.5 3 1051.63400006294 5 0
"225" 40.3464 -74.658 1.52 0.4375 3 1227.65199995041 5 0
"226" 40.3463 -74.6581 359.19 0.5625 3 1707.92899990082 5 60
"227" 40.3463 -74.658 355.31 1.4375 3 3448.42700004578 5 0
"228" 40.3465 -74.6582 332.91 1.375 3 5674.51699995995 5 0
"229" 40.3464 -74.6581 26.94 0.3125 3 7355.63100004196 5 60
"230" 40.3462 -74.6582 21.95 0.375 3 14311.8849999905 5 0
"231" 40.3463 -74.6582 5.34 1.6875 3 14727.5710000992 5 0
"232" 40.3463 -74.6582 0.45 0.375 3 15750.128000021 5 0
"233" 40.3464 -74.658 16.81 1.875 3 24747.8320000172 5 0
"234" 40.3464 -74.6583 350.14 1.75 3 27030.5469999313 5 0
"235" 40.3463 -74.6585 23.05 1.8125 3 2668.54500007629 4 0
"236" 40.3464 -74.658 7.58 0.75 3 3570.91400003433 4 0
"237" 40.3464 -74.6583 2.6 0.5625 3 84990.1400001049 4 60
"238" 40.3463 -74.6581 358.87 1.4375 3 1287.23699998856 5 0
"239" 40.3464 -74.6579 6.21 0.8125 3 3567.28099989891 5 0
"240" 40.3464 -74.658 359.46 1.25 3 3868.41100001335 5 0
"241" 40.3463 -74.6582 0.81 0.75 3 13290.0160000324 5 0
"242" 40.3463 -74.6581 4 0.8125 3 16586.9349999428 5 0
"243" 40.3463 -74.6582 5.37 0.25 3 17670.3399999142 5 0
"244" 40.3464 -74.6582 35.03 1.375 3 19050.486000061 5 0
"245" 40.3466 -74.6579 6.81 0.75 3 20370.5179998875 5 0
"246" 40.3488 -74.6528 2.69 0.9375 3 42627.3389999866 5 0
"247" 40.3501 -74.6521 2.3 1 3 46289.9300000668 5 0
"248" 40.3487 -74.6551 2.02 1.5625 3 63084.8280000687 3 240
"249" 40.3487 -74.6536 0.69 1.0625 3 63264.6089999676 3 60
"250" 40.3464 -74.658 0.99 0.625 3 3627.19600009918 4 0
"251" 40.3462 -74.6581 14.14 0.5625 3 3028.71499991417 5 0
"252" 40.3463 -74.6583 9.74 1.5 3 13347.1470000744 5 0
"253" 40.3463 -74.6582 9.79 2 3 14846.9590001106 5 0
"254" 40.3488 -74.6528 358.34 0.8125 3 42687.2309999466 5 0
"255" 40.3493 -74.6529 313.23 1.125 3 65427.8729999065 3 0
"256" 40.3499 -74.653 41.51 3.75 3 66637.8129999638 3 0
"257" 40.3464 -74.6579 4.29 1.375 3 3748.59299993515 4 0
"258" 40.3463 -74.6582 39.6 1.375 3 84632.6289999485 4 420
"259" 40.3463 -74.6581 14.83 0.8125 3 85174.1700000763 4 0
"260" 40.3463 -74.6581 8.65 0.3125 3 632.177000045776 5 300
"261" 40.3462 -74.658 45.13 1.25 3 3152.97099995613 5 0
"262" 40.3466 -74.6579 13.62 0.625 3 20552.3080000877 5 0
"263" 40.3502 -74.6526 22.17 0.8125 3 65501.6559998989 3 60
"264" 40.3464 -74.658 1.89 1.125 3 3806.99099993706 4 0
"265" 40.3463 -74.6581 131.42 0.625 3 84711.6900000572 4 360
"266" 40.3463 -74.6581 32.85 0.9375 3 1351.43099999428 5 0
"267" 40.3464 -74.6581 356.01 0.6875 3 3627.21099996567 5 60
"268" 40.3465 -74.6579 358.01 0.9375 3 7646.84699988365 5 0
"269" 40.3462 -74.6582 1.31 0.6875 3 13527.2070000172 5 0
"270" 40.3464 -74.6581 18.36 2.25 3 19167.3340001106 5 0
"271" 40.3463 -74.658 1.47 0.875 3 27388.753000021 5 0
"272" 40.3466 -74.6583 0.57 2.0625 3 25287.2539999485 4 0
"273" 40.3461 -74.6581 2.55 0.25 3 13651.4400000572 5 0
"274" 40.3465 -74.6581 2 0.875 3 19290.0510001183 5 0
"275" 40.3495 -74.652 357.75 0.75 3 51386.7330000401 3 0
"276" 40.35 -74.6521 354.46 0.6875 3 51628.867000103 3 0
"277" 40.3495 -74.6537 236.9 1.0625 3 55593.0130000114 3 0
"278" 40.3485 -74.6592 5.94 0.75 3 62786.1459999084 3 0
"279" 40.3496 -74.653 3.54 0.625 3 70891.007999897 3 0
"280" 40.3463 -74.6581 10.32 1.3125 3 6447.24099993706 4 0
"281" 40.3466 -74.658 2.54 0.875 3 19167.5350000858 4 0
"282" 40.3468 -74.6578 1.26 1.75 3 27566.5690000057 4 180
"283" 40.3499 -74.6531 3.29 1.125 3 58294.2179999352 4 0
"284" 40.35 -74.6529 20.03 2.4375 3 59966.5230000019 4 0
"285" 40.35 -74.6529 359.73 0.6875 3 62606.2449998856 4 0
"286" 40.3464 -74.6579 15.11 2.1875 3 6927.40000009537 5 60
"287" 40.3462 -74.6581 1.02 0.875 3 15685.6730000973 5 0
"288" 40.3463 -74.6582 23.58 1.25 3 17969.1870000362 5 60
"289" 40.3465 -74.6581 1.95 1.625 3 19827.1619999409 5 0
"290" 40.3464 -74.6582 8.87 1.75 3 23847.3310000896 5 0
"291" 40.3485 -74.6578 301.54 1.125 3 27985.8110001087 5 0
"292" 40.35 -74.6524 298.13 0.625 3 28225.361000061 5 0
"293" 40.3488 -74.6551 31 1.3761 2 35991.5050001144 3 60
"294" 40.3465 -74.6583 10.44 0.375 3 7291.68300008774 4 0
"295" 40.3464 -74.6583 50.07 1.1875 3 14731.2320001125 4 0
"296" 40.3464 -74.6582 356.51 0.3125 3 15815.5009999275 4 0
"297" 40.3464 -74.658 13.65 1 3 21870.9930000305 4 0
"298" 40.3467 -74.6581 34.18 2.375 3 24520.5469999313 4 0
"299" 40.3499 -74.6529 99.98 1.1875 3 30888.5220000744 4 0
"300" 40.3463 -74.6581 2.99 0.375 3 86309.0390000343 4 60
"301" 40.346 -74.6581 221.12 1.4375 3 6573.40599989891 5 0
"302" 40.3464 -74.6584 13.23 1.375 3 15086.1889998913 5 0
"303" 40.3463 -74.6581 26.48 1.625 3 18387.1510000229 5 0
"304" 40.35 -74.6529 358.56 0.125 3 29972.2829999924 5 0
"305" 40.3487 -74.6528 359.84 0.75 3 42027.0539999008 5 0
"306" 40.3487 -74.6527 359.55 0.125 3 42089.9360001087 5 0
"307" 40.3463 -74.6582 287.05 0.9375 3 335.767999887466 4 0
"308" 40.3463 -74.6581 8.75 1.1875 3 1286.8259999752 4 0
"309" 40.3461 -74.6585 0.57 0.75 3 1769.55800008774 4 0
"310" 40.3464 -74.6582 6.32 0.625 3 15450.0469999313 4 0
"311" 40.3498 -74.6526 1.27 1.0625 3 30747.5559999943 4 0
"312" 40.348 -74.6549 244.62 3.0625 3 81028.5490000248 4 0
"313" 40.3464 -74.6579 60.58 1.25 3 85468.3740000725 4 0
"314" 40.3464 -74.6579 25.2 0.5 3 6875.26699995995 5 120
"315" 40.3497 -74.6531 72 1.43865 2 36114.0090000629 3 180
"316" 40.3499 -74.653 2.05 0.25 3 71850.9690001011 3 0
"317" 40.3474 -74.6592 258.43 1.75 3 77371.6099998951 3 120
"318" 40.3463 -74.6583 0.12 0.3125 3 2187.38400006294 4 0
"319" 40.3463 -74.658 14.11 1 3 4650.01699995995 4 0
"320" 40.3465 -74.6582 12.89 0.75 3 7352.11400008202 4 0
"321" 40.35 -74.652 356.22 1 3 41545.9960000515 4 0
"322" 40.35 -74.652 342.62 0.8125 3 41848.8310000896 4 0
"323" 40.3502 -74.6529 355.54 1.5 3 59667.8650000095 4 0
"324" 40.3502 -74.6528 359.66 0.125 3 59907.1119999886 4 0
"325" 40.3462 -74.6581 211.86 0.875 3 86255.2320001125 4 120
"326" 40.3463 -74.6579 9.4 1.4375 3 2249.1400001049 5 0
"327" 40.3464 -74.6582 32.28 1.1875 3 12155.138999939 5 0
"328" 40.3464 -74.6583 1.38 0.5625 3 17128.3169999123 5 0
"329" 40.3501 -74.6523 340.65 1.5 3 28286.2449998856 5 0
"330" 40.3488 -74.6527 359.55 0.75 3 40764.8570001125 5 0
"331" 40.349 -74.655 359.94 0.6875 3 41373.6879999638 3 0
"332" 40.3502 -74.6519 0.35 0.625 3 55465.2070000172 3 120
"333" 40.3497 -74.6533 359.82 0.3125 3 69147.503000021 3 0
"334" 40.3497 -74.653 358.75 0.4375 3 70714.8250000477 3 0
"335" 40.35 -74.6528 1.8 1.25 3 71667.5099999905 3 0
"336" 40.3463 -74.6584 1.59 1.4375 3 2007.05999994278 4 0
"337" 40.3463 -74.6579 26.55 1.1875 3 4829.95199990273 4 0
"338" 40.3465 -74.658 21.35 1.125 3 8191.39299988747 4 0
"339" 40.3464 -74.6582 25.33 1 3 13591.2079999447 4 0
"340" 40.3463 -74.6585 224.35 0.3125 3 16771.1610000134 5 0
"341" 40.3464 -74.6583 14.11 1.4375 3 16828.006000042 5 0
"342" 40.3463 -74.6584 5.4 0.8125 3 16947 5 0
"343" 40.3485 -74.6555 72.7 2.875 3 28105.4279999733 5 120
"344" 40.3487 -74.6527 359.32 0.875 3 41545.4189999104 5 0
"345" 40.3495 -74.6542 346.28 1.4375 3 41256.2920000553 3 120
"346" 40.3463 -74.6579 49.52 1.4375 3 4770.39899992943 4 0
"347" 40.3463 -74.6579 4.88 0.25 3 5251.96199989319 4 0
"348" 40.3465 -74.658 7.5 1.3125 3 7887.20900011063 4 0
"349" 40.3463 -74.6584 314.76 0.625 3 13472.5269999504 4 0
"350" 40.35 -74.6528 351 0.5625 3 62727.2479999065 4 0
"351" 40.3494 -74.6529 1.85 1.3125 3 63806.2200000286 4 60
"352" 40.3463 -74.6582 5 1.5 3 147.272000074387 5 120
"353" 40.3465 -74.6581 30.91 2.125 3 8311.52200007439 5 0
"354" 40.3464 -74.658 2.22 0.5625 3 11971.4079999924 5 0
"355" 40.3464 -74.6583 5.08 1.375 3 15807.4639999866 5 0
"356" 40.3464 -74.6581 31.15 0.9375 3 17074.7409999371 5 0
"357" 40.3499 -74.6523 351.66 1 3 51567.1410000324 3 0
"358" 40.3507 -74.6513 5.51 1.6875 3 55226.9489998817 3 120
"359" 40.3487 -74.6568 310.75 1.125 3 55772.9909999371 3 0
"360" 40.3462 -74.6584 5.09 1.0625 3 2067.52900004387 4 0
"361" 40.3464 -74.6583 0.49 0.875 3 14845.4019999504 4 0
"362" 40.3485 -74.6556 81.12 3.8125 3 27808.8570001125 4 0
"363" 40.3499 -74.6524 24.87 0.9375 3 42209.8469998837 4 0
"364" 40.3499 -74.6525 2.52 1.125 3 44367.1930000782 4 60
"365" 40.3501 -74.6523 0.3 0.375 3 47851.7839999199 4 0
"366" 40.3495 -74.653 313.96 0.625 3 65866.7709999084 4 0
"367" 40.3464 -74.6578 20.39 1.4375 3 6328.78200006485 5 0
"368" 40.3464 -74.6581 13.06 0.625 3 12271.5680000782 5 0
"369" 40.3497 -74.6531 93.21 1.625 3 28166.0569999218 5 60
"370" 40.3501 -74.6529 354.6 1.5 3 31050.1800000668 5 0
"371" 40.3489 -74.6526 2.88 0.3125 3 41848.8469998837 5 0
"372" 40.3499 -74.6533 331.44 1.4375 3 41197.0889999866 3 0
"373" 40.3482 -74.6551 359.82 0.6875 3 44734.9690001011 3 120
"374" 40.3505 -74.6516 353.39 0.75 3 55405.7799999714 3 0
"375" 40.3486 -74.6547 359.57 0.0625 3 55648.7929999828 3 120
"376" 40.3496 -74.653 1.11 0.9375 3 70826.3699998856 3 0
"377" 40.3463 -74.6582 11.4 1.375 3 6807.28200006485 4 0
"378" 40.3465 -74.6582 3.97 1.3125 3 17966.4019999504 4 0
"379" 40.3465 -74.658 0.12 0.125 3 21572.385999918 4 0
"380" 40.3464 -74.6581 358.16 0.3125 3 21753.9349999428 4 0
"381" 40.3462 -74.6581 358.82 0.5 3 27388.2960000038 4 0
"382" 40.35 -74.6529 357.24 1.4375 3 62666.9530000687 4 0
"383" 40.3498 -74.6531 359.68 1.25 3 65966.7569999695 4 60
"384" 40.3463 -74.6581 11.28 1.5 3 86067.3150000572 4 300
"385" 40.3463 -74.658 80.97 1 3 35.220999956131 5 0
"386" 40.3463 -74.6581 354.79 0.875 3 88.7279999256134 5 0
"387" 40.3465 -74.6582 3.74 0.9375 3 8254.56100010872 5 0
"388" 40.3464 -74.6581 357.98 1 3 15446.881000042 5 0
"389" 40.3464 -74.6583 359.66 0.75 3 15985.8519999981 5 0
"390" 40.3464 -74.6583 1.02 0.9375 3 16046.5739998817 5 0
"391" 40.3488 -74.6527 358.85 0.625 3 41787.1410000324 5 0
"392" 40.35 -74.6529 355.7 0.5625 3 71191.6010000706 3 0
"393" 40.3499 -74.653 6.43 0.3125 3 71374.9779999256 3 0
"394" 40.3464 -74.6581 88.01 0.1875 3 12333.489000082 4 0
"395" 40.3463 -74.6583 9.1 0.625 3 18810.7130000591 4 0
"396" 40.3501 -74.652 358.99 0.625 3 41485.7400000095 4 0
"397" 40.3501 -74.6522 359 0.4375 3 48092.1080000401 4 0
"398" 40.3501 -74.6519 287.74 1.25 3 53389.2690000534 4 0
"399" 40.3501 -74.6528 359.09 1.1875 3 60748.5980000496 4 0
"400" 40.3463 -74.6581 5.51 0.8125 3 18086.8420000076 5 0
"401" 40.3466 -74.658 0.63 0.375 3 20308.8420000076 5 0
"402" 40.3478 -74.6575 208.16 1.125 3 27926.375 5 60
"403" 40.3497 -74.6522 0.43 0.9375 3 42865.8559999466 5 60
"404" 40.3482 -74.6607 327.62 1.125 3 59861.742000103 3 0
"405" 40.3497 -74.6535 359.83 0.3125 3 69026.006000042 3 0
"406" 40.3499 -74.6528 1.49 0.3125 3 71131.486000061 3 0
"407" 40.3504 -74.6532 356 1.125 3 72753.2550001144 3 0
"408" 40.3467 -74.6602 359.76 0.375 3 77424.5639998913 3 60
"409" 40.3464 -74.6581 124.46 0.4375 3 11490.4830000401 4 0
"410" 40.3464 -74.6582 37.25 1.1875 3 24451.8480000496 4 0
"411" 40.3501 -74.6523 13.88 0.3125 3 47971.5450000763 4 0
"412" 40.3501 -74.6529 0.25 0.5625 3 60808.3229999542 4 0
"413" 40.3463 -74.6583 53.55 0.75 3 86022.5329999924 4 0
"414" 40.3464 -74.6583 106.77 0.6875 3 14970.3849999905 5 0
"415" 40.3463 -74.6582 5.52 1.25 3 15387.2290000916 5 0
"416" 40.3464 -74.6582 1.87 0.875 3 15507.6270000935 5 0
"417" 40.3464 -74.6581 4.78 0.6875 3 16107.4049999714 5 0
"418" 40.3464 -74.6581 354.01 0.5625 3 19950.3870000839 5 0
"419" 40.3477 -74.6551 336 1.6263 2 44784.3250000477 2 300
"420" 40.3504 -74.6508 33.53 0.25 3 53916.0950000286 3 0
"421" 40.3485 -74.6576 340.18 1.25 3 55828.8759999275 3 0
"422" 40.3498 -74.6532 1.2 1 3 69086.9110000134 3 0
"423" 40.3465 -74.6579 2.14 0.6875 3 4228.27099990845 4 0
"424" 40.3464 -74.6581 36.42 0.9375 3 7411.89700007439 4 0
"425" 40.3464 -74.658 205.49 0.125 3 10908.2809998989 4 0
"426" 40.3464 -74.6583 12.02 2.0625 3 12267.1819999218 4 0
"427" 40.3463 -74.6583 45.64 1.3125 3 13532.4679999352 4 0
"428" 40.35 -74.652 336.87 2.25 3 41726.8540000916 4 0
"429" 40.3501 -74.6519 359.95 0.3125 3 48692.8090000153 4 0
"430" 40.3499 -74.6527 350.41 0.875 3 63331.0559999943 4 0
"431" 40.3463 -74.6581 3.38 0.8125 3 85828.2880001068 4 0
"432" 40.3463 -74.6581 359.98 1.4375 3 2848.75699996948 5 0
"433" 40.3464 -74.6582 359.95 0.875 3 15566.5239999294 5 0
"434" 40.3487 -74.6526 1.3 0.9375 3 41965.013999939 5 0
"435" 40.3499 -74.653 359.27 0.5 3 71729.1809999943 3 0
"436" 40.3497 -74.6529 289.91 2.25 3 73414.3380000591 3 0
"437" 40.3459 -74.6603 116.5 1.5 3 82536.010999918 3 0
"438" 40.3463 -74.6581 1 0.625 3 6386.82500004768 4 0
"439" 40.3463 -74.6581 9.33 1.8125 3 6927.32999992371 4 0
"440" 40.3464 -74.658 348.19 1.8125 3 10467.0510001183 4 0
"441" 40.3464 -74.6581 28.6 2 3 13411.7730000019 4 0
"442" 40.3463 -74.6581 5.11 0.8125 3 17787.0759999752 4 0
"443" 40.3464 -74.6581 7.84 2.0625 3 21387.4779999256 4 0
"444" 40.3491 -74.653 4.09 2.5625 3 42331.8090000153 4 60
"445" 40.3499 -74.6522 90.93 0.875 3 54750.746999979 4 0
"446" 40.3462 -74.6581 5.27 2 3 2488.76399993896 5 0
"447" 40.3499 -74.653 182.43 0.3125 3 39627.625 5 120
"448" 40.3499 -74.652 357.96 0.625 3 45570.4240000248 5 0
"449" 40.3484 -74.6533 353.79 1.375 3 63205.0199999809 3 120
"450" 40.3462 -74.6579 22.62 0.8125 3 3210.70900011063 5 0
"451" 40.3464 -74.6583 1.56 0.6875 3 12808.7090001106 5 0
"452" 40.3489 -74.6531 156.99 1.375 3 39683.996999979 5 60
"453" 40.3481 -74.6554 7.81 1.3125 3 44745.3970000744 3 180
"454" 40.3493 -74.6529 23.9 0.6875 3 47267.3489999771 3 120
"455" 40.3502 -74.6522 359.19 0.625 3 61185.6270000935 3 60
"456" 40.344 -74.6578 340 2.0016 4 75240.760999918 5 150
"457" 40.3443 -74.6567 87 0.5004 4 75383.3729999065 5 0
"458" 40.3448 -74.6553 89 1.06335 4 75502.3880000114 5 60
"459" 40.3453 -74.6535 81 0.56295 4 75609.1259999275 5 0
"460" 40.3454 -74.6529 265 0.31275 4 75682.2079999447 5 0
"461" 40.3452 -74.6543 241 0.93825 4 75772.5120000839 5 0
"462" 40.3441 -74.6554 248 0.5004 4 75892.7669999599 5 30
"463" 40.3438 -74.6584 254 0.8757 4 76134.8429999352 5 0
"464" 40.3439 -74.6591 306 0.68805 4 76207.25 5 0
"465" 40.3429 -74.6606 22 0.81315 4 76567.2209999561 5 0
"466" 40.344 -74.6595 28 1.5012 4 76718.2890000343 5 15
"467" 40.3442 -74.6577 263 1.0008 4 76905.0179998875 5 75
"468" 40.3439 -74.6595 157 0.68805 4 77139.2950000763 5 90
"469" 40.3429 -74.6609 137 0.6255 4 77259.5160000324 5 0
"470" 40.3428 -74.661 72 0.5004 4 77512.2070000172 5 0
"471" 40.344 -74.6594 103 1.251 4 77662.3359999657 5 15
"472" 40.3462 -74.6557 217 0.1251 4 78112.2130000591 5 0
"473" 40.344 -74.657 248 0.81315 2 81533.4579999447 5 130
"474" 40.3437 -74.6598 337 0.6255 2 82302.5209999084 5 40
"475" 40.3475 -74.6545 122 1.31355 2 60993.875 4 0
"476" 40.3439 -74.6578 104 1.5012 4 77835.7630000114 5 105
"477" 40.3452 -74.6562 16 1.251 4 78023.0869998932 5 15
"478" 40.3498 -74.6526 357.3 1.0625 3 63343.8529999256 3 0
"479" 40.3467 -74.6537 14.26 0.6875 3 74627.4690001011 3 300
"480" 40.3457 -74.656 323.04 1.5 3 74928.1119999886 3 0
"481" 40.344 -74.6575 55 0.43785 4 75279.0989999771 5 105
"482" 40.3451 -74.6539 65 1.251 4 75578.9730000496 5 0
"483" 40.3443 -74.655 261 1.18845 4 75863.9760000706 5 60
"484" 40.3436 -74.6596 10 1.68885 4 76687.3250000477 5 45
"485" 40.3439 -74.6591 314 0.68805 4 77107.4309999943 5 0
"486" 40.343 -74.6607 214 0.68805 4 77244.3029999733 5 0
"487" 40.3424 -74.6611 27 0.56295 4 77423.1930000782 5 45
"488" 40.3438 -74.6586 357 0.7506 4 77724.1010000706 5 210
"489" 40.3442 -74.6571 48 0.7506 4 77910.7909998894 5 30
"490" 40.3448 -74.6568 342 0.3753 4 77977.2409999371 5 0
"491" 40.3426 -74.661 10 1.251 2 83908.1549999714 5 0
"492" 40.35 -74.652 354.35 1.6875 3 49783.9260001183 3 0
"493" 40.3446 -74.6559 120 0.2502 4 75448.1719999313 5 0
"494" 40.3449 -74.6549 77 1.5012 4 75532.7990000248 5 30
"495" 40.3441 -74.6555 203 1.0008 4 75909.9030001163 5 15
"496" 40.3438 -74.6575 271 1.31355 4 76072.2260000706 5 60
"497" 40.3434 -74.6598 190 1.1259 4 76284.7049999237 5 45
"498" 40.3427 -74.661 243 0.6255 4 76375.1089999676 5 15
"499" 40.3428 -74.6606 42 0.8757 4 76584.4820001125 5 15
"500" 40.3435 -74.6599 196 1.06335 4 77182.5610001087 5 45
"501" 40.3427 -74.661 180 0.2502 4 77306.3190000057 5 15
"502" 40.3438 -74.6596 346 0.8757 4 77634.3010001183 5 15
"503" 40.3439 -74.6593 104 1.5012 4 77677.2030000687 5 0
"504" 40.3438 -74.6579 136 0.2502 4 77796.8759999275 5 135
"505" 40.3457 -74.6558 61 1.8765 4 78084.3959999084 5 0
"506" 40.3439 -74.6573 323 0.68805 2 83439.6900000572 5 90
"507" 40.3446 -74.656 73 1.31355 2 32609.3369998932 1 30
"508" 40.3501 -74.652 67.63 0.875 3 63240.9500000477 3 0
"509" 40.3445 -74.6562 50 1.1259 4 75411.8840000629 5 0
"510" 40.3438 -74.6574 269 0.8757 4 76059.361000061 5 75
"511" 40.3438 -74.6587 329 0.68805 4 76162.7039999962 5 15
"512" 40.3435 -74.6597 171 0.43785 4 76267.6789999008 5 60
"513" 40.3439 -74.6584 313 1.06335 4 77034.7460000515 5 0
"514" 40.3435 -74.6597 135 1.0008 4 77169.2960000038 5 60
"515" 40.3427 -74.6609 173 0.56295 4 77287.367000103 5 30
"516" 40.3424 -74.6611 28 0.5004 4 77436.881000042 5 30
"517" 40.3431 -74.6601 25 0.68805 4 77558.4809999466 5 90
"518" 40.3437 -74.6582 307 0.5004 4 77788.7590000629 5 150
"519" 40.3456 -74.656 316 0.31275 4 78069.0959999561 5 0
"520" 40.3446 -74.6561 138 0.2502 2 82672.4549999237 5 10
"521" 40.3471 -74.6605 282 1.06335 2 63817.4570000172 4 0
"522" 40.3448 -74.6555 69 1.0008 4 75487.3129999638 5 75
"523" 40.3449 -74.6545 80 1.0008 4 75562.2109999657 5 0
"524" 40.3454 -74.6528 120 0.7506 4 75667.3220000267 5 0
"525" 40.3451 -74.6537 204 0.7506 4 75742.2509999275 5 0
"526" 40.3439 -74.6569 348 0.93825 4 76028.1789999008 5 105
"527" 40.3438 -74.6579 308 1.0008 4 76110.7750000954 5 30
"528" 40.3429 -74.6604 228 1.5012 4 76327.2019999027 5 0
"529" 40.3439 -74.659 313 1.1259 4 77093.5889999866 5 15
"530" 40.3441 -74.6595 70 1.18845 4 77649.0959999561 5 0
"531" 40.3441 -74.6572 41 0.8757 4 77886.8819999695 5 45
"532" 40.3445 -74.6566 258 1.06335 2 81441.75 5 0
"533" 40.3431 -74.6602 114 1.18845 2 81923.4839999676 5 40
"534" 40.3428 -74.6608 240 1.1259 2 82002.8489999771 5 10
"535" 40.3448 -74.655 219 0.81315 2 83103.0859999657 5 10
"536" 40.3462 -74.6539 280.79 1.625 3 74746.8410000801 3 180
"537" 40.3445 -74.6563 68 1.1259 4 75397.256000042 5 15
"538" 40.3451 -74.6533 70 0.93825 4 75622.5369999409 5 0
"539" 40.345 -74.6544 138 1.251 4 75802.4979999065 5 15
"540" 40.3439 -74.6586 253 0.2502 4 76146.9949998856 5 30
"541" 40.3439 -74.6595 170 0.93825 4 76224.2909998894 5 105
"542" 40.3427 -74.6608 264 0.6255 4 76357.5599999428 5 30
"543" 40.3444 -74.6595 39 1.18845 4 76750.8059999943 5 15
"544" 40.3438 -74.6596 201 1.68885 4 77152.7669999599 5 75
"545" 40.3428 -74.6608 238 1.6263 4 77274.5329999924 5 0
"546" 40.343 -74.6602 74 0.18765 4 77542.2479999065 5 105
"547" 40.3438 -74.6582 142 0.1251 4 77771.7650001049 5 165
"548" 40.344 -74.6576 90 0.56295 4 77846.5329999924 5 90
"549" 40.3445 -74.6567 50 1.251 4 77932.2320001125 5 0
"550" 40.3455 -74.656 347 1.43865 4 78055.1010000706 5 0
"551" 40.343 -74.6607 98 0.81315 2 82192.7209999561 5 0
"552" 40.3439 -74.6575 264 1.17243 2 83470.1670000553 5 60
"553" 40.3497 -74.6535 0.28 1.125 3 41325.0329999924 3 120
"554" 40.3485 -74.6526 82.46 2.75 3 74396.2130000591 3 0
"555" 40.3459 -74.6546 312.23 1 3 74808.8499999046 3 120
"556" 40.3442 -74.6569 49 0.8757 4 75341.3250000477 5 45
"557" 40.3438 -74.6568 279 0.43785 4 76015.1380000114 5 120
"558" 40.343 -74.6604 272 0.93825 4 76314.7990000248 5 15
"559" 40.3424 -74.661 27 1.251 4 76522.4019999504 5 45
"560" 40.3447 -74.6588 131 0.43785 4 76822.2690000534 5 0
"561" 40.3438 -74.6589 267 0.8757 4 77078.9990000725 5 30
"562" 40.3431 -74.6604 190 0.2502 4 77214.2920000553 5 15
"563" 40.3437 -74.6588 69 0.68805 4 77709.7119998932 5 225
"564" 40.3439 -74.6575 39 1.18845 4 77858.4660000801 5 75
"565" 40.3429 -74.6607 260 0.81315 2 83763.9709999561 5 0
"566" 40.3476 -74.6543 293 0.2502 2 61176.1300001144 4 0
"567" 40.3498 -74.652 357.45 0.5625 3 49669.6530001163 3 120
"568" 40.3488 -74.653 0.86 0.5 3 63525.5920000076 3 0
"569" 40.3462 -74.6581 21.75 0.6875 3 75410.5889999866 3 0
"570" 40.344 -74.6579 200 0.06255 4 75216.875 5 165
"571" 40.344 -74.6577 98 0.43785 4 75264.8380000591 5 120
"572" 40.344 -74.6574 62 1.06335 4 75306.885999918 5 75
"573" 40.3446 -74.656 86 0.8757 4 75457.9300000668 5 105
"574" 40.3432 -74.6599 199 0.43785 4 76298.6879999638 5 30
"575" 40.3424 -74.6609 78 0.56295 4 76496.7929999828 5 0
"576" 40.3429 -74.6603 83 1.18845 4 76614.2890000343 5 120
"577" 40.3447 -74.659 169 1.1259 4 76779.9140000343 5 0
"578" 40.3438 -74.6587 237 0.43785 4 77062.2720000744 5 0
"579" 40.3425 -74.6611 49 0.6255 4 77451.875 5 15
"580" 40.3432 -74.6598 15 0.7506 4 77586.878000021 5 60
"581" 40.3438 -74.6579 110 1.8765 4 77811.8989999294 5 120
"582" 40.3449 -74.6568 15 1.56375 4 77964.3559999466 5 15
"583" 40.3462 -74.6558 274 1.68885 4 78144.3099999428 5 0
"584" 40.3433 -74.6599 228 0.6255 2 81880.8770000935 5 80
"585" 40.3482 -74.6551 355.69 1.8125 3 44804.4409999847 3 120
"586" 40.347 -74.6531 254.73 1.625 3 74567.0399999619 3 360
"587" 40.3461 -74.6578 14.15 2 3 75824.6749999523 3 0
"588" 40.3442 -74.6568 59 1.31355 4 75353.378000021 5 30
"589" 40.3447 -74.6557 122 0.68805 4 75474.3180000782 5 90
"590" 40.3448 -74.6546 86 1.56375 4 75547.4830000401 5 15
"591" 40.3452 -74.6531 80 1.251 4 75652.2249999046 5 0
"592" 40.3451 -74.6536 230 1.1259 4 75729.6900000572 5 0
"593" 40.3445 -74.6547 176 1.6263 4 75847.7279999256 5 75
"594" 40.3438 -74.6589 298 0.68805 4 76192.2660000324 5 15
"595" 40.3426 -74.6609 31 0.7506 4 76539.492000103 5 30
"596" 40.3435 -74.6596 117 0.2502 4 76673.1719999313 5 60
"597" 40.3445 -74.6585 150 2.18925 4 76839.5739998817 5 30
"598" 40.343 -74.6605 222 0.7506 4 77227.2100000381 5 0
"599" 40.3426 -74.6615 305 1.0008 4 77412.7850000858 5 0
"600" 40.3428 -74.6608 109 0.31275 4 77482.2119998932 5 0
"601" 40.3439 -74.6574 52 1.251 4 77871.882999897 5 60
"602" 40.345 -74.6563 73 1.43865 4 78009.7769999504 5 0
"603" 40.346 -74.6559 350 0.81315 4 78099.2899999619 5 0
"604" 40.3447 -74.6556 248 0.68805 2 81373.0650000572 5 0
"605" 40.3438 -74.6574 280 0.2502 2 81573.5460000038 5 90
"606" 40.3499 -74.6522 359.86 0.6875 3 63282.0009999275 3 0
"607" 40.3462 -74.6581 80.47 1.0625 3 75472.507999897 3 0
"608" 40.3453 -74.6532 232 0.43785 4 75712.2119998932 5 0
"609" 40.3439 -74.6564 232 0.5004 4 75996.8710000515 5 135
"610" 40.3423 -74.661 158 0.8757 4 76508.6970000267 5 60
"611" 40.3431 -74.6601 61 1.0008 4 76629.8870000839 5 105
"612" 40.3449 -74.6587 235 0.6255 4 76807.2090001106 5 0
"613" 40.3432 -74.66 185 1.251 4 77198.5639998913 5 30
"614" 40.3428 -74.6608 94 1.18845 4 77469.125 5 0
"615" 40.3441 -74.6568 239 0.31275 2 81501.5179998875 5 160
"616" 40.3437 -74.6596 116 0.1251 2 81841.5399999619 5 120
"617" 40.3428 -74.6609 8 1.7514 2 82172.4949998856 5 20
"618" 40.3442 -74.657 195 1.0008 2 83380.0220000744 5 150
"619" 40.3439 -74.6574 223 1.39874 2 83461.2909998894 5 70
"620" 40.3503 -74.6522 332.27 0.8125 3 52448.0260000229 3 0
"621" 40.344 -74.6577 87 0.6255 4 75252.8020000458 5 135
"622" 40.3451 -74.6533 116 0.3753 4 75637.2239999771 5 15
"623" 40.345 -74.6547 351 0.93825 4 75821.5829999447 5 0
"624" 40.3439 -74.6557 284 0.3753 4 75969.9030001163 5 0
"625" 40.3437 -74.6587 12 0.43785 4 76177.2109999657 5 0
"626" 40.3439 -74.6595 310 0.2502 4 76237.4630000591 5 90
"627" 40.3427 -74.6611 276 1.43865 4 76438.3210000992 5 0
"628" 40.3426 -74.6611 211 2.1267 4 77324.3350000381 5 0
"629" 40.3446 -74.6568 345 1.251 4 77948.5390000343 5 0
"630" 40.3463 -74.6557 114 0.81315 4 78129.5629999638 5 0
"631" 40.3427 -74.6609 4 1.68885 2 82162.7569999695 5 0
"632" 40.3488 -74.6552 285.03 0.8125 3 41448.4809999466 3 0
"633" 40.3503 -74.6526 2 0.75 3 49304.5859999657 3 60
"634" 40.35 -74.6518 284.51 0.5 3 52785.3880000114 3 0
"635" 40.3477 -74.6529 13.06 0.0625 3 74508.6700000763 3 0
"636" 40.3454 -74.6531 125 0.43785 4 75697.2019999027 5 0
"637" 40.3447 -74.6547 192 0.6255 4 75834.3880000114 5 0
"638" 40.3438 -74.656 320 0.68805 4 75982.9730000496 5 150
"639" 40.3438 -74.6577 273 1.18845 4 76086.875 5 45
"640" 40.3428 -74.6604 84 1.251 4 76599.1900000572 5 0
"641" 40.3445 -74.6593 234 0.6255 4 76764.7750000954 5 0
"642" 40.3438 -74.6586 300 0.18765 4 77049.118999958 5 15
"643" 40.3425 -74.6616 301 1.18845 4 77355.7409999371 5 0
"644" 40.3432 -74.6599 56 0.81315 4 77573.4830000401 5 75
"645" 40.3438 -74.6591 120 1.251 4 77693.992000103 5 0
"646" 40.347 -74.6609 10 0.56295 2 80018.6500000954 5 30
"647" 40.3445 -74.6563 220 0.6255 2 81423.4900000095 5 0
"648" 40.3441 -74.6568 207 0.56295 2 81493.6749999523 5 170
"649" 40.3423 -74.661 20 0.43785 2 82132.0169999599 5 10
"650" 40.3439 -74.6573 242 0.6255 2 83452.4030001163 5 80
"651" 40.35 -74.6523 62.03 2.125 3 52067.2200000286 3 120
"652" 40.3465 -74.6574 214.32 0.375 3 74990.8010001183 3 60
"653" 40.3452 -74.6537 69 1.1259 4 75594.1210000515 5 0
"654" 40.3451 -74.654 238 1.0008 4 75759.4030001163 5 0
"655" 40.3443 -74.6551 218 0.93825 4 75877.9990000725 5 45
"656" 40.3438 -74.6583 292 1.43865 4 76122.8129999638 5 15
"657" 40.3436 -74.6597 230 0.56295 4 76254.3699998856 5 75
"658" 40.3427 -74.6609 48 1.06335 4 76552.368999958 5 15
"659" 40.3438 -74.6597 4 1.43865 4 76703.9600000381 5 30
"660" 40.3443 -74.6579 116 1.1259 4 76868.6909999847 5 0
"661" 40.344 -74.6595 232 0.56295 4 77122.9749999046 5 0
"662" 40.3428 -74.6609 140 0.56295 4 77497.2000000477 5 0
"663" 40.3433 -74.6597 18 1.251 4 77602.3010001183 5 45
"664" 40.3438 -74.6585 94 0.7506 4 77740.7230000496 5 195
"665" 40.3443 -74.6569 106 1.18845 4 77917.4249999523 5 15
"666" 40.3431 -74.6602 57 0.3753 2 81933.7449998856 5 30
"667" 40.3445 -74.6565 112 0.3753 2 82643.4560000896 5 0
"668" 40.3449 -74.6547 280 0.6255 2 83073.9679999352 5 10
"669" 40.3428 -74.6608 259 1.18845 2 83771.4800000191 5 0
"670" 40.3429 -74.6607 239 1.06335 2 81991.0639998913 5 0
"671" 40.3447 -74.6558 76 1.6263 2 32617.2880001068 1 20
"672" 40.3445 -74.6563 102 1.93905 2 32589.0750000477 1 0
"673" 40.3423 -74.661 189 1.1259 2 82063.4059998989 5 0
"674" 40.3446 -74.6562 74 1.251 2 32597.3510000706 1 0
"675" 40.3494 -74.653 93 0.06255 2 70180.9340000153 6 0
"676" 40.3445 -74.6566 150 1.43865 2 32580.3329999447 1 0
"677" 40.3447 -74.6556 67 1.31355 2 32629.2060000896 1 10
"678" 40.3448 -74.6554 75 1.93905 2 32637.9219999313 1 0
"679" 40.345 -74.6546 75 2.18925 2 32683.7550001144 1 0
